x = [1 2 3 5 6];
y = [4.75 4 5.25 19.75 36];
a = 4.75*[((4-2)*(4-3)*(4-5)*(4-6))/((1-2)*(1-3)*(1-5)*(1-6))];
b = 4*[((4-1)*(4-3)*(4-5)*(4-6))/((2-1)*(2-3)*(2-5)*(2-6))];
c = 5.25*[((4-2)*(4-1)*(4-5)*(4-6))/((3-2)*(3-1)*(3-5)*(3-6))];
d = 19.75*[((4-2)*(4-3)*(4-1)*(4-6))/((5-2)*(5-3)*(5-1)*(5-6))];
e = 36*[((4-2)*(4-3)*(4-5)*(4-1))/((6-2)*(6-3)*(6-5)*(6-1))];
p=a+b+c+d+e