p4xi = [-1 1 3];
p4yi = [1 4 14];
x0 = 2;
eq1 = [1 1 1 0 0 0]';
eq2 = [0 0 0 1 1 1]';
eq3 = [1 -1 1 0 0 0]';
eq4 = [0 0 0 9 3 1]';
eq5 = [2 1 0 -2 -1 0]';
eq6 = [-2 1 0 0 0 0]';
A = [eq1 eq2 eq3 eq4 eq5 eq6]';
b = [4 4 1 14 0 .5]';
x = A\b;
y7s = (x(4)*x0^2)+(x(5)*x0)+(x(6))

