A = [0 1 0 0; 1/3 0 2/3 0; 0 2/5 0 3/5; 0 0 3/7 0]